  PID
    1
    2
    3
    5
    7
    8
    9
   10
   11
   12
   13
   14
   15
   16
   17
   18
   19
   20
   21
   22
   23
   24
   25
   26
   27
   28
   29
   31
   32
   33
   34
   36
   37
   38
   39
   41
   42
   43
   44
   45
   46
   47
   48
   49
   50
   51
   52
   53
   54
   55
   56
   58
   60
   61
   62
   74
   75
   78
   97
   98
  137
  152
  153
  154
  155
  156
  157
  158
  159
  160
  161
  162
  163
  164
  185
  186
  295
  338
  345
  400
  412
  416
  429
  437
  501
  556
  703
  752
  760
  807
  828
  842
  847
  848
  858
  860
  869
  887
  901
 1133
 1137
 1138
 1144
 1145
 1149
 1205
 1206
 1209
 1214
 1247
 1333
 1374
 1375
 1406
 1430
 1431
 1432
 1433
 1434
 1480
 1546
 1571
 1572
 1573
 1574
 1575
 1699
 1716
 1726
 1748
 1786
 1789
 1798
 1799
 1800
 1802
 2051
 2079
 2089
 2090
 2110
 2112
 2114
 2116
 2118
 2125
 2137
 2139
 2142
 2149
 2153
 2157
 2161
 2162
 2164
 2166
 2168
 2186
 2191
 2201
 2234
 2275
 2284
 2304
 2305
 2306
 2307
 2308
 2309
 2310
 2311
 2314
 2316
 2326
 2360
 2395
 2403
 2405
 2424
 2459
 2501
 2507
 2510
 2517
 2598
 2622
 2628
 2635
 2642
 2646
 2648
 2659
 2667
 2697
 2718
 2724
 2745
 2758
 2780
 2789
 2790
 2820
 2904
 3201
 3459
 3468
 3469
 3611
 5268
 5843
 5852
 5853
 5855
 5856
 5860
 5861
 5863
 5883
 5888
 5898
 5960
 5965
 5984
 5995
 5999
 6003
 6439
 6449
 6451
 6793
 6794
 6987
 7007
 7210
 7255
 7342
 8970
11765
11970
11971
12322
25350
28348
29000
29304
